0 676 347 738 407 663 155 208 488 598 785 916 894 775 910 884 602 613 558 475 601 589 207 292 244 0 655 692 508 463 440 513 536 600 872 815 830 858 885 873 821 907 755
676 0 623 459 411 478 728 642 204 297 294 425 519 381 434 391 536 450 450 409 428 288 540 464 570 709 874 909 740 682 615 508 429 466 410 344 331 367 598 679 640 585 562
347 623 0 491 471 873 409 380 697 662 851 1000 680 614 793 892 812 824 767 685 810 653 300 386 337 303 866 903 732 675 653 724 746 811 978 919 917 923 966 1008 1030 1113 963
738 459 491 0 321 554 419 365 389 352 226 270 490 42 156 192 561 558 434 504 476 325 321 346 315 358 870 833 722 725 643 571 485 450 418 375 329 281 251 303 332 344 363
407 411 471 321 0 324 238 184 150 79 164 165 288 298 241 199 299 368 204 242 246 52 90 55 134 224 609 571 460 464 446 443 372 338 281 238 217 197 272 323 335 289 289
663 478 873 554 324 0 477 511 197 317 357 368 493 521 433 391 62 81 134 112 92 311 435 400 479 412 527 505 412 415 268 195 159 150 172 219 253 300 391 380 351 293 248
155 728 409 419 238 477 0 67 425 354 440 440 484 465 504 474 466 580 479 429 473 328 186 223 132 70 599 561 450 454 436 502 559 567 556 514 492 473 547 599 610 564 564
208 642 380 365 184 511 67 0 369 299 384 384 456 437 461 418 500 587 423 462 466 272 130 167 76 104 633 595 484 488 470 536 591 558 501 458 437 417 491 543 554 508 508
488 204 697 389 150 197 425 369 0 131 231 231 350 361 307 265 197 248 65 140 108 125 250 214 293 359 507 469 359 362 345 336 279 253 204 182 166 213 305 325 296 238 238
598 297 662 352 79 317 354 299 131 0 158 158 294 333 234 192 290 361 195 232 238 46 170 134 213 304 599 562 451 454 437 437 365 331 275 232 211 191 265 317 328 282 282
785 294 851 226 164 357 440 384 231 158 0 43 139 185 79 37 357 365 262 300 305 111 249 213 292 382 667 630 519 522 468 396 302 268 210 167 102 54 110 161 190 169 188
916 425 1000 270 165 368 440 384 231 158 43 0 194 240 135 92 363 355 268 306 305 116 254 218 297 388 673 635 524 527 466 394 300 266 208 166 100 52 161 209 190 167 186
894 519 680 490 288 493 484 456 350 294 139 194 0 46 70 109 501 507 383 444 425 254 351 317 370 414 811 773 662 666 569 497 411 376 344 302 245 197 178 229 258 270 289
775 381 614 42 298 521 465 437 361 333 185 240 46 0 119 158 534 532 407 477 450 304 335 342 329 372 844 807 696 699 619 546 460 426 393 351 295 247 227 279 307 320 338
910 434 793 156 241 433 504 461 307 234 79 135 70 119 0 39 431 439 336 374 378 184 322 286 365 456 741 703 592 596 499 427 341 306 274 232 175 127 107 159 188 200 219
884 391 892 192 199 391 474 418 265 192 37 92 109 158 39 0 391 399 296 334 339 145 283 247 326 416 701 664 553 556 468 395 309 274 242 200 136 88 76 127 156 169 187
602 536 812 561 299 62 466 500 197 290 357 363 501 534 431 391 0 136 139 56 116 266 391 355 427 356 504 467 356 359 293 251 215 205 228 274 308 356 446 436 406 348 304
613 450 824 558 368 81 580 587 248 361 365 355 507 532 439 399 136 0 185 175 142 342 461 426 504 481 516 494 445 448 207 186 171 161 183 230 264 312 402 391 362 304 259
558 450 767 434 204 134 479 423 65 195 262 268 383 407 336 296 139 185 0 94 48 176 301 265 344 387 535 497 387 390 349 276 219 205 156 164 191 238 328 348 319 261 237
475 409 685 504 242 112 429 462 140 232 300 306 444 477 374 334 56 175 94 0 66 217 341 306 384 345 493 456 345 348 330 268 211 201 196 235 262 310 400 404 375 317 272
601 428 810 476 246 92 473 466 108 238 305 305 425 450 378 339 116 142 48 66 0 219 343 307 386 389 537 499 389 392 307 234 177 166 137 184 214 262 352 345 316 258 213
589 288 653 325 52 311 328 272 125 46 111 116 254 304 184 145 266 342 176 217 219 0 163 127 206 296 556 519 408 411 394 391 319 285 228 186 164 179 258 309 295 236 236
207 540 300 321 90 435 186 130 250 170 249 254 351 335 322 283 391 461 301 341 343 163 0 37 49 139 615 577 467 470 453 519 461 428 371 328 307 287 361 413 425 378 378
292 464 386 346 55 400 223 167 214 134 213 218 317 342 286 247 355 426 265 306 307 127 37 0 85 175 642 605 494 497 480 495 424 390 333 290 269 249 323 375 387 341 341
244 570 337 315 134 479 132 76 293 213 292 297 370 329 365 326 427 504 344 384 386 206 49 85 0 94 603 565 454 457 440 506 521 487 430 387 366 346 421 472 484 438 438
0 709 303 358 224 412 70 104 359 304 382 388 414 372 456 416 356 481 387 345 389 296 139 175 94 0 542 504 394 397 380 446 503 510 511 468 447 427 502 553 565 519 519
655 874 866 870 609 527 599 633 507 599 667 673 811 844 741 701 504 516 535 493 537 556 615 642 603 542 0 143 281 394 424 490 547 555 608 658 701 748 804 793 760 725 680
692 909 903 833 571 505 561 595 469 562 630 635 773 807 703 664 467 494 497 456 499 519 577 605 565 504 143 0 193 306 299 365 422 430 483 533 588 634 679 668 635 600 555
508 740 732 722 460 412 450 484 359 451 519 524 662 696 592 553 356 445 387 345 389 408 467 494 454 394 281 193 0 198 224 291 347 355 408 458 506 552 604 593 560 525 480
463 682 675 725 464 415 454 488 362 454 522 527 666 699 596 556 359 448 390 348 392 411 470 497 457 397 394 306 198 0 317 383 440 448 501 513 492 538 631 651 622 564 564
440 615 653 643 446 268 436 470 345 437 468 466 569 619 499 468 293 207 349 330 307 394 453 480 440 380 424 299 224 317 0 82 176 217 270 320 375 421 466 456 422 387 342
513 508 724 571 443 195 502 536 336 437 396 394 497 546 427 395 251 186 276 268 234 391 519 495 506 446 490 365 291 383 82 0 107 149 201 252 307 353 398 387 354 319 274
536 429 746 485 372 159 559 591 279 365 302 300 411 460 341 309 215 171 219 211 177 319 461 424 521 503 547 422 347 440 176 107 0 42 94 144 199 247 298 306 277 219 174
600 466 811 450 338 150 567 558 253 331 268 266 376 426 306 274 205 161 205 201 166 285 428 390 487 510 555 430 355 448 217 149 42 0 60 111 165 214 263 272 243 184 140
872 410 978 418 281 172 556 501 204 275 210 208 344 393 274 242 228 183 156 196 137 228 371 333 430 511 608 483 408 501 270 201 94 60 0 52 107 155 231 236 207 148 104
815 344 919 375 238 219 514 458 182 232 167 166 302 351 232 200 274 230 164 235 184 186 328 290 387 468 658 533 458 513 320 252 144 111 52 0 65 113 189 209 180 122 103
830 331 917 329 217 253 492 437 166 211 102 100 245 295 175 136 308 264 191 262 214 164 307 269 366 447 701 588 506 492 375 307 199 165 107 65 0 48 156 203 174 115 115
858 367 923 281 197 300 473 417 213 191 54 52 197 247 127 88 356 312 238 310 262 179 287 249 346 427 748 634 552 538 421 353 247 214 155 113 48 0 108 156 137 115 133
885 598 966 251 272 391 547 491 305 265 110 161 178 227 107 76 446 402 328 400 352 258 361 323 421 502 804 679 604 631 466 398 298 263 231 189 156 108 0 51 80 100 145
873 679 1008 303 323 380 599 543 325 317 161 209 229 279 159 127 436 391 348 404 345 309 413 375 472 553 793 668 593 651 456 387 306 272 236 209 203 156 51 0 35 87 131
821 640 1030 332 335 351 610 554 296 328 190 190 258 307 188 156 406 362 319 375 316 295 425 387 484 565 760 635 560 622 422 354 277 243 207 180 174 137 80 35 0 66 103
907 585 1113 344 289 293 564 508 238 282 169 167 270 320 200 169 348 304 261 317 258 236 378 341 438 519 725 600 525 564 387 319 219 184 148 122 115 115 100 87 66 0 44
755 562 963 363 289 248 564 508 238 282 188 186 289 338 219 187 304 259 237 272 213 236 378 341 438 519 680 555 480 564 342 274 174 140 104 103 115 133 145 131 103 44 0