0 345 648 721 244 650 866 899 541 311 836 655 270 549 609 795 675 869 632 690 658 718 398 668 157 210 511 592 793 912 890 776 918 901 621 615 579 489 622 581 204 291 250 0 645 681 460 459 431 516 539 625 873 810 798 844 958 867 820 910 748
345 0 625 1021 157 948 1162 766 479 127 704 766 163 439 908 1094 974 737 931 583 957 586 489 967 449 409 716 672 876 1029 756 629 791 905 918 914 877 790 922 663 321 408 367 345 945 982 754 758 729 812 835 905 987 924 926 923 1071 1148 1119 1207 1047
648 625 0 935 679 633 931 675 353 695 604 170 654 313 322 648 479 662 894 801 454 545 345 472 759 677 192 319 400 520 577 469 515 504 518 438 351 388 439 310 585 475 601 712 860 897 668 672 599 499 414 460 402 332 319 363 581 660 674 630 573
721 1021 935 0 849 738 909 1233 1001 863 1399 785 822 1013 697 899 763 1305 175 1248 746 1279 871 756 745 778 719 939 1126 1266 1303 1265 1138 1126 813 703 748 701 793 930 783 854 736 632 260 181 327 411 534 620 643 730 990 927 904 1009 1064 970 923 1012 852
244 157 679 849 0 840 1053 701 481 104 629 713 63 437 799 985 865 662 822 482 848 511 438 858 369 345 663 620 825 944 681 622 789 906 810 805 768 681 813 611 271 358 314 284 836 896 644 649 620 706 729 816 934 871 874 871 1008 1084 1009 1098 938
650 948 633 738 840 0 480 964 929 866 1128 482 825 914 394 615 460 1033 731 1252 478 1148 970 453 761 802 633 851 894 1012 1032 1074 872 842 549 400 537 534 474 842 810 880 761 635 622 658 487 435 324 223 324 411 707 644 656 761 778 687 638 728 613
866 1162 931 909 1053 480 0 1083 1045 926 1107 632 885 1066 544 733 610 1155 790 1313 527 1210 960 603 821 864 783 1002 926 1048 1084 1148 920 892 699 550 687 683 624 953 870 940 822 695 682 721 548 495 421 400 474 476 757 694 707 812 778 804 758 809 664
899 766 675 1233 701 964 1083 0 601 660 144 818 694 561 839 486 950 69 1220 624 701 287 849 941 970 886 748 611 367 575 248 298 273 263 1036 893 990 922 922 709 788 810 830 880 1125 1163 987 931 861 760 728 740 650 587 518 496 303 381 434 498 549
541 479 353 1001 481 929 1045 601 0 532 491 407 489 89 559 847 729 543 981 691 687 433 258 709 640 558 357 314 518 637 483 357 536 531 660 676 577 531 583 305 368 289 420 565 1007 1060 805 811 837 736 651 696 635 565 568 565 729 806 870 809 763
311 127 695 863 104 866 926 660 532 0 606 775 58 481 792 976 856 639 817 457 847 487 503 849 405 366 695 681 882 1040 660 597 849 906 805 799 764 677 808 672 361 449 403 280 836 891 637 645 616 698 722 794 998 937 940 932 985 1054 1000 1087 936
836 704 604 1399 629 1128 1107 144 491 606 0 777 660 526 964 596 1086 77 1344 541 821 207 710 1075 891 810 796 736 487 699 263 233 394 383 1138 1026 1038 1009 1017 838 715 728 752 802 1248 1290 1114 1054 986 883 854 863 770 709 639 616 423 499 552 617 669
655 766 170 785 713 482 632 818 407 775 777 0 766 432 150 559 307 776 829 934 344 665 487 300 815 731 141 369 574 693 708 591 632 608 374 267 166 240 261 359 632 528 655 657 729 768 591 539 429 328 243 288 317 246 296 399 532 630 583 518 412
270 163 654 822 63 825 885 694 489 58 660 766 0 434 781 963 845 612 803 430 833 460 488 837 391 352 677 668 894 983 634 568 783 828 790 788 749 663 791 658 347 436 389 266 824 877 623 630 601 682 709 780 983 923 927 917 968 1040 986 1073 921
549 439 313 1013 437 914 1066 561 89 481 526 432 434 0 592 927 810 485 1005 633 721 366 341 804 589 506 439 395 535 599 418 291 431 467 741 712 681 613 661 386 396 317 448 542 1057 1107 853 863 834 770 686 729 666 600 603 647 713 789 841 859 818
609 908 322 697 799 394 544 839 559 792 964 150 781 592 0 508 184 862 751 1103 292 836 650 177 762 792 241 529 595 717 864 761 694 702 225 144 145 141 82 519 789 688 750 628 651 691 516 460 350 249 164 237 267 268 317 422 549 580 533 508 362
795 1094 648 899 985 615 733 486 847 976 596 559 963 927 508 0 603 537 875 1044 353 691 827 594 912 955 631 592 454 574 565 628 478 411 689 546 670 667 606 692 964 872 915 789 778 816 641 584 512 412 381 350 316 377 316 294 163 70 24 109 174
675 974 479 763 865 460 610 950 729 856 1086 307 845 810 184 603 0 1084 905 1331 465 1062 787 357 942 983 493 754 818 943 1085 987 912 916 453 119 399 396 336 744 994 912 944 818 808 846 670 614 503 403 318 460 550 491 539 649 768 806 759 730 583
869 737 662 1305 662 1033 1155 69 543 639 77 776 612 485 862 537 1084 0 1289 589 764 281 754 1023 941 857 827 689 433 697 276 273 336 326 1131 970 1064 998 985 791 761 768 798 895 1195 1233 1056 998 928 825 796 806 707 647 582 559 366 442 491 556 617
632 931 894 175 822 731 790 1220 981 817 1344 829 803 1005 751 875 905 1289 0 1203 709 1236 826 714 690 719 678 882 1086 1211 1267 1235 1091 1067 777 664 710 649 740 871 722 792 679 579 302 225 271 403 477 559 586 656 932 871 852 938 950 909 863 948 797
690 583 801 1248 482 1252 1313 624 691 457 541 934 430 633 1103 1044 1331 589 1203 0 1305 323 657 1181 732 709 812 768 832 972 499 430 722 764 1129 1130 1052 1004 1034 758 639 672 677 609 1169 1214 960 972 943 1025 1052 1126 1119 1058 955 930 844 907 958 972 1029
658 957 454 746 848 478 527 701 687 847 821 344 833 721 292 353 465 764 709 1305 0 925 661 433 858 900 410 608 530 652 801 862 634 607 528 331 447 444 384 619 912 788 861 735 724 762 587 529 421 318 157 125 317 256 250 357 489 434 387 363 216
718 586 545 1279 511 1148 1210 287 433 487 207 665 460 366 836 691 1062 281 1236 323 925 0 321 554 419 365 389 352 226 270 490 42 156 192 561 558 434 504 476 325 321 346 315 358 870 833 722 725 643 571 485 450 418 375 329 281 251 303 332 344 363
398 489 345 871 438 970 960 849 258 503 710 487 488 341 650 827 787 754 826 657 661 321 0 324 238 184 150 79 164 165 288 298 241 199 299 368 204 242 246 52 90 55 134 224 609 571 460 464 446 443 372 338 281 238 217 197 272 323 335 289 289
668 967 472 756 858 453 603 941 709 849 1075 300 837 804 177 594 357 1023 714 1181 433 554 324 0 477 511 197 317 357 368 493 521 433 391 62 81 134 112 92 311 435 400 479 412 527 505 412 415 268 195 159 150 172 219 253 300 391 380 351 293 248
157 449 759 745 369 761 821 970 640 405 891 815 391 589 762 912 942 941 690 732 858 419 238 477 0 67 425 354 440 440 484 465 504 474 466 580 479 429 473 328 186 223 132 70 599 561 450 454 436 502 559 567 556 514 492 473 547 599 610 564 564
210 409 677 778 345 802 864 886 558 366 810 731 352 506 792 955 983 857 719 709 900 365 184 511 67 0 369 299 384 384 456 437 461 418 500 587 423 462 466 272 130 167 76 104 633 595 484 488 470 536 591 558 501 458 437 417 491 543 554 508 508
511 716 192 719 663 633 783 748 357 695 796 141 677 439 241 631 493 827 678 812 410 389 150 197 425 369 0 131 231 231 350 361 307 265 197 248 65 140 108 125 250 214 293 359 507 469 359 362 345 336 279 253 204 182 166 213 305 325 296 238 238
592 672 319 939 620 851 1002 611 314 681 736 369 668 395 529 592 754 689 882 768 608 352 79 317 354 299 131 0 158 158 294 333 234 192 290 361 195 232 238 46 170 134 213 304 599 562 451 454 437 437 365 331 275 232 211 191 265 317 328 282 282
793 876 400 1126 825 894 926 367 518 882 487 574 894 535 595 454 818 433 1086 832 530 226 164 357 440 384 231 158 0 43 139 185 79 37 357 365 262 300 305 111 249 213 292 382 667 630 519 522 468 396 302 268 210 167 102 54 110 161 190 169 188
912 1029 520 1266 944 1012 1048 575 637 1040 699 693 983 599 717 574 943 697 1211 972 652 270 165 368 440 384 231 158 43 0 194 240 135 92 363 355 268 306 305 116 254 218 297 388 673 635 524 527 466 394 300 266 208 166 100 52 161 209 190 167 186
890 756 577 1303 681 1032 1084 248 483 660 263 708 634 418 864 565 1085 276 1267 499 801 490 288 493 484 456 350 294 139 194 0 46 70 109 501 507 383 444 425 254 351 317 370 414 811 773 662 666 569 497 411 376 344 302 245 197 178 229 258 270 289
776 629 469 1265 622 1074 1148 298 357 597 233 591 568 291 761 628 987 273 1235 430 862 42 298 521 465 437 361 333 185 240 46 0 119 158 534 532 407 477 450 304 335 342 329 372 844 807 696 699 619 546 460 426 393 351 295 247 227 279 307 320 338
918 791 515 1138 789 872 920 273 536 849 394 632 783 431 694 478 912 336 1091 722 634 156 241 433 504 461 307 234 79 135 70 119 0 39 431 439 336 374 378 184 322 286 365 456 741 703 592 596 499 427 341 306 274 232 175 127 107 159 188 200 219
901 905 504 1126 906 842 892 263 531 906 383 608 828 467 702 411 916 326 1067 764 607 192 199 391 474 418 265 192 37 92 109 158 39 0 391 399 296 334 339 145 283 247 326 416 701 664 553 556 468 395 309 274 242 200 136 88 76 127 156 169 187
621 918 518 813 810 549 699 1036 660 805 1138 374 790 741 225 689 453 1131 777 1129 528 561 299 62 466 500 197 290 357 363 501 534 431 391 0 136 139 56 116 266 391 355 427 356 504 467 356 359 293 251 215 205 228 274 308 356 446 436 406 348 304
615 914 438 703 805 400 550 893 676 799 1026 267 788 712 144 546 119 970 664 1130 331 558 368 81 580 587 248 361 365 355 507 532 439 399 136 0 185 175 142 342 461 426 504 481 516 494 445 448 207 186 171 161 183 230 264 312 402 391 362 304 259
579 877 351 748 768 537 687 990 577 764 1038 166 749 681 145 670 399 1064 710 1052 447 434 204 134 479 423 65 195 262 268 383 407 336 296 139 185 0 94 48 176 301 265 344 387 535 497 387 390 349 276 219 205 156 164 191 238 328 348 319 261 237
489 790 388 701 681 534 683 922 531 677 1009 240 663 613 141 667 396 998 649 1004 444 504 242 112 429 462 140 232 300 306 444 477 374 334 56 175 94 0 66 217 341 306 384 345 493 456 345 348 330 268 211 201 196 235 262 310 400 404 375 317 272
622 922 439 793 813 474 624 922 583 808 1017 261 791 661 82 606 336 985 740 1034 384 476 246 92 473 466 108 238 305 305 425 450 378 339 116 142 48 66 0 219 343 307 386 389 537 499 389 392 307 234 177 166 137 184 214 262 352 345 316 258 213
581 663 310 930 611 842 953 709 305 672 838 359 658 386 519 692 744 791 871 758 619 325 52 311 328 272 125 46 111 116 254 304 184 145 266 342 176 217 219 0 163 127 206 296 556 519 408 411 394 391 319 285 228 186 164 179 258 309 295 236 236
204 321 585 783 271 810 870 788 368 361 715 632 347 396 789 964 994 761 722 639 912 321 90 435 186 130 250 170 249 254 351 335 322 283 391 461 301 341 343 163 0 37 49 139 615 577 467 470 453 519 461 428 371 328 307 287 361 413 425 378 378
291 408 475 854 358 880 940 810 289 449 728 528 436 317 688 872 912 768 792 672 788 346 55 400 223 167 214 134 213 218 317 342 286 247 355 426 265 306 307 127 37 0 85 175 642 605 494 497 480 495 424 390 333 290 269 249 323 375 387 341 341
250 367 601 736 314 761 822 830 420 403 752 655 389 448 750 915 944 798 679 677 861 315 134 479 132 76 293 213 292 297 370 329 365 326 427 504 344 384 386 206 49 85 0 94 603 565 454 457 440 506 521 487 430 387 366 346 421 472 484 438 438
0 345 712 632 284 635 695 880 565 280 802 657 266 542 628 789 818 895 579 609 735 358 224 412 70 104 359 304 382 388 414 372 456 416 356 481 387 345 389 296 139 175 94 0 542 504 394 397 380 446 503 510 511 468 447 427 502 553 565 519 519
645 945 860 260 836 622 682 1125 1007 836 1248 729 824 1057 651 778 808 1195 302 1169 724 870 609 527 599 633 507 599 667 673 811 844 741 701 504 516 535 493 537 556 615 642 603 542 0 143 281 394 424 490 547 555 608 658 701 748 804 793 760 725 680
681 982 897 181 896 658 721 1163 1060 891 1290 768 877 1107 691 816 846 1233 225 1214 762 833 571 505 561 595 469 562 630 635 773 807 703 664 467 494 497 456 499 519 577 605 565 504 143 0 193 306 299 365 422 430 483 533 588 634 679 668 635 600 555
460 754 668 327 644 487 548 987 805 637 1114 591 623 853 516 641 670 1056 271 960 587 722 460 412 450 484 359 451 519 524 662 696 592 553 356 445 387 345 389 408 467 494 454 394 281 193 0 198 224 291 347 355 408 458 506 552 604 593 560 525 480
459 758 672 411 649 435 495 931 811 645 1054 539 630 863 460 584 614 998 403 972 529 725 464 415 454 488 362 454 522 527 666 699 596 556 359 448 390 348 392 411 470 497 457 397 394 306 198 0 317 383 440 448 501 513 492 538 631 651 622 564 564
431 729 599 534 620 324 421 861 837 616 986 429 601 834 350 512 503 928 477 943 421 643 446 268 436 470 345 437 468 466 569 619 499 468 293 207 349 330 307 394 453 480 440 380 424 299 224 317 0 82 176 217 270 320 375 421 466 456 422 387 342
516 812 499 620 706 223 400 760 736 698 883 328 682 770 249 412 403 825 559 1025 318 571 443 195 502 536 336 437 396 394 497 546 427 395 251 186 276 268 234 391 519 495 506 446 490 365 291 383 82 0 107 149 201 252 307 353 398 387 354 319 274
539 835 414 643 729 324 474 728 651 722 854 243 709 686 164 381 318 796 586 1052 157 485 372 159 559 591 279 365 302 300 411 460 341 309 215 171 219 211 177 319 461 424 521 503 547 422 347 440 176 107 0 42 94 144 199 247 298 306 277 219 174
625 905 460 730 816 411 476 740 696 794 863 288 780 729 237 350 460 806 656 1126 125 450 338 150 567 558 253 331 268 266 376 426 306 274 205 161 205 201 166 285 428 390 487 510 555 430 355 448 217 149 42 0 60 111 165 214 263 272 243 184 140
873 987 402 990 934 707 757 650 635 998 770 317 983 666 267 316 550 707 932 1119 317 418 281 172 556 501 204 275 210 208 344 393 274 242 228 183 156 196 137 228 371 333 430 511 608 483 408 501 270 201 94 60 0 52 107 155 231 236 207 148 104
810 924 332 927 871 644 694 587 565 937 709 246 923 600 268 377 491 647 871 1058 256 375 238 219 514 458 182 232 167 166 302 351 232 200 274 230 164 235 184 186 328 290 387 468 658 533 458 513 320 252 144 111 52 0 65 113 189 209 180 122 103
798 926 319 904 874 656 707 518 568 940 639 296 927 603 317 316 539 582 852 955 250 329 217 253 492 437 166 211 102 100 245 295 175 136 308 264 191 262 214 164 307 269 366 447 701 588 506 492 375 307 199 165 107 65 0 48 156 203 174 115 115
844 923 363 1009 871 761 812 496 565 932 616 399 917 647 422 294 649 559 938 930 357 281 197 300 473 417 213 191 54 52 197 247 127 88 356 312 238 310 262 179 287 249 346 427 748 634 552 538 421 353 247 214 155 113 48 0 108 156 137 115 133
958 1071 581 1064 1008 778 778 303 729 985 423 532 968 713 549 163 768 366 950 844 489 251 272 391 547 491 305 265 110 161 178 227 107 76 446 402 328 400 352 258 361 323 421 502 804 679 604 631 466 398 298 263 231 189 156 108 0 51 80 100 145
867 1148 660 970 1084 687 804 381 806 1054 499 630 1040 789 580 70 806 442 909 907 434 303 323 380 599 543 325 317 161 209 229 279 159 127 436 391 348 404 345 309 413 375 472 553 793 668 593 651 456 387 306 272 236 209 203 156 51 0 35 87 131
820 1119 674 923 1009 638 758 434 870 1000 552 583 986 841 533 24 759 491 863 958 387 332 335 351 610 554 296 328 190 190 258 307 188 156 406 362 319 375 316 295 425 387 484 565 760 635 560 622 422 354 277 243 207 180 174 137 80 35 0 66 103
910 1207 630 1012 1098 728 809 498 809 1087 617 518 1073 859 508 109 730 556 948 972 363 344 289 293 564 508 238 282 169 167 270 320 200 169 348 304 261 317 258 236 378 341 438 519 725 600 525 564 387 319 219 184 148 122 115 115 100 87 66 0 44
748 1047 573 852 938 613 664 549 763 936 669 412 921 818 362 174 583 617 797 1029 216 363 289 248 564 508 238 282 188 186 289 338 219 187 304 259 237 272 213 236 378 341 438 519 680 555 480 564 342 274 174 140 104 103 115 133 145 131 103 44 0