0 625 601 897 274 785 631 604 384 754 303 650 431 489 624 789 583 520 740 604 178 619 510 674 372 655 749 155 683 848 336 703 400 662 155 227 498 583 752 888 896 758 957 846 606 605 570 478 610 574 202 286 241 0 649 696 440 453 427 502 530 597 848 789 814 835 871 876 827 906 751
625 0 587 1054 885 941 617 795 958 992 657 659 478 642 165 632 86 682 933 593 806 810 652 420 419 642 816 763 837 1012 673 1002 620 293 780 816 387 592 761 897 1044 925 966 854 148 310 287 159 266 582 805 741 775 645 806 853 600 610 597 491 414 471 554 538 583 684 798 878 829 795 654
601 587 0 845 844 734 120 653 917 1047 616 775 563 866 493 652 576 540 1038 241 748 668 874 506 469 142 380 724 628 863 632 1128 859 423 725 776 604 815 781 923 989 1062 830 785 517 369 513 504 446 803 774 836 733 608 595 632 458 400 299 193 294 378 643 584 600 646 666 671 622 698 548
897 1054 845 0 1038 196 803 517 1110 1442 810 1131 754 1116 907 1063 928 457 1413 778 941 563 1122 914 694 827 934 916 558 1255 826 1438 1054 834 917 972 865 1061 1169 1304 1380 1404 1217 1172 929 777 892 826 858 1051 961 1030 928 800 406 441 491 558 598 673 704 767 1026 967 986 1026 1048 1043 994 1077 922
274 885 844 1038 0 983 828 738 197 540 388 733 625 403 822 872 777 723 518 803 355 753 409 813 565 852 945 330 876 725 423 484 484 859 410 398 694 664 835 972 676 598 773 795 799 802 765 673 806 654 289 370 330 291 847 892 640 649 623 703 729 794 968 910 906 916 961 1038 1024 1102 950
785 941 734 196 983 0 712 564 1019 1349 719 1040 663 1024 816 972 837 504 1321 687 850 610 1030 823 603 736 842 825 468 1164 735 1347 963 743 826 882 775 970 1078 1213 1291 1315 1126 1081 837 686 800 735 767 960 870 938 837 708 432 489 400 466 506 584 612 677 935 876 897 935 957 953 904 986 830
631 617 120 803 828 712 0 669 928 1071 629 795 574 882 512 668 593 555 1055 257 761 684 889 519 487 147 313 735 640 885 646 1155 873 439 737 793 619 831 802 939 1009 1090 848 804 534 382 531 522 464 821 779 851 748 620 611 651 477 416 317 210 309 397 662 602 613 662 682 681 632 712 600
604 795 653 517 738 564 669 0 847 1231 552 903 527 887 736 893 701 309 1186 607 701 134 893 743 467 656 750 686 580 1086 568 1174 795 663 675 715 639 832 1005 1135 1213 1177 1047 1002 727 606 665 599 687 822 701 773 670 570 376 294 227 355 427 504 533 597 856 797 816 855 879 873 825 906 751
384 958 917 1110 197 1019 928 847 0 629 513 794 684 431 882 941 834 786 551 861 410 809 437 935 624 909 1006 386 935 752 548 573 596 915 467 450 753 780 892 1035 765 636 794 818 858 861 824 731 863 713 436 516 480 350 910 953 701 708 682 759 788 851 1115 1057 1033 1035 1056 1126 1077 1160 1007
754 992 1047 1442 540 1349 1071 1231 629 0 723 540 975 402 983 683 935 1202 223 990 678 1203 374 697 915 1038 1145 779 1284 279 750 85 602 926 805 721 639 652 517 720 197 149 439 420 960 892 881 833 861 657 620 625 665 744 1260 1296 1121 1060 998 892 856 866 789 730 655 619 489 567 616 631 702
303 657 616 810 388 719 629 552 513 723 0 540 422 374 618 686 571 522 786 599 168 577 398 673 362 647 744 194 673 865 68 796 288 653 136 144 491 472 645 786 893 777 835 801 596 599 562 470 602 462 168 232 137 285 647 690 438 446 420 497 526 589 853 794 781 729 877 865 815 898 746
650 659 775 1131 733 1040 795 903 794 540 540 0 546 354 559 139 511 764 482 727 524 887 361 406 486 775 942 550 905 430 469 526 337 607 648 564 238 106 104 241 503 425 311 198 536 558 480 409 461 199 477 384 493 651 880 929 684 679 652 626 517 473 410 362 235 183 367 444 459 408 489
431 478 563 754 625 663 574 527 684 975 422 546 0 647 508 701 460 484 944 559 585 609 652 581 137 606 704 560 633 1016 471 1017 696 579 561 620 398 594 767 906 1057 936 959 924 485 559 423 358 489 584 609 675 574 444 608 651 399 406 389 457 485 549 754 695 734 777 836 824 775 877 755
489 642 866 1116 403 1024 882 887 431 402 374 354 647 0 644 508 597 871 300 849 396 966 2 470 576 883 1077 420 991 379 362 369 214 689 593 508 323 291 464 603 409 291 425 540 621 682 564 493 544 281 312 237 363 554 968 1005 784 767 744 734 653 691 618 556 546 546 698 775 824 772 752
624 165 493 907 822 816 512 736 882 983 618 559 508 644 0 582 195 735 979 510 838 862 676 441 448 558 737 794 841 1002 703 1050 721 206 812 853 408 616 793 932 1131 972 963 890 136 252 326 240 262 606 844 768 809 677 817 853 656 616 516 409 329 386 549 489 535 636 794 825 776 848 708
789 632 652 1063 872 972 668 893 941 683 686 139 701 508 582 0 612 954 650 636 687 1078 523 419 652 685 887 711 967 579 626 674 493 502 813 729 400 269 272 408 706 594 482 369 597 467 513 508 449 357 640 542 654 811 1000 1037 855 799 642 536 438 381 331 271 144 124 326 403 416 366 437
583 86 576 928 777 837 593 701 834 935 571 511 460 597 195 612 0 846 1079 622 937 971 772 538 545 672 851 891 954 1117 803 1151 819 322 909 949 506 712 890 1030 1189 1070 1079 989 170 329 403 274 359 702 942 865 906 773 931 966 761 729 628 522 441 498 662 603 648 749 906 936 885 858 718
520 682 540 457 723 504 555 309 786 1202 522 764 484 871 735 954 846 0 1104 508 616 318 794 646 368 557 667 591 482 996 502 1123 732 561 592 650 539 733 912 1052 1122 1097 958 911 656 508 571 506 587 723 645 709 606 473 260 166 129 257 331 408 435 500 764 704 722 772 787 772 722 805 654
740 933 1038 1413 518 1321 1055 1186 551 223 786 482 944 300 979 650 1079 1104 0 1049 515 1075 306 682 916 1100 1280 541 1197 458 600 221 466 913 641 557 637 593 576 745 429 265 500 520 964 890 882 838 867 583 464 501 504 557 1181 1218 1021 989 967 948 866 903 836 773 757 796 697 765 814 837 919
604 593 241 778 803 687 257 607 861 990 599 727 559 849 510 636 622 508 1049 0 747 701 881 506 472 288 524 723 627 887 635 1181 863 421 724 781 603 822 804 940 1013 1094 848 801 516 369 511 506 447 812 779 844 738 605 604 640 475 403 302 196 295 381 654 595 613 663 677 662 612 695 544
178 806 748 941 355 850 761 701 410 678 168 524 585 396 838 687 937 616 515 747 0 685 493 752 442 729 852 25 752 823 185 759 383 732 125 41 567 571 751 889 862 744 878 848 674 681 613 548 680 561 187 268 152 129 729 799 554 528 506 579 605 670 935 879 872 828 951 947 894 981 827
619 810 668 563 753 610 684 134 809 1203 577 887 609 966 862 1078 971 318 1075 701 685 0 920 772 495 686 809 692 610 1125 573 1201 804 689 681 721 664 856 1046 1182 1252 1221 1087 1037 785 638 704 646 714 848 714 785 678 575 449 361 258 385 464 538 564 628 893 841 853 908 914 905 855 936 785
510 652 874 1122 409 1030 889 893 437 374 398 361 652 2 676 523 772 794 306 881 493 920 0 472 580 887 1066 513 993 381 392 379 248 698 613 529 329 296 474 614 418 301 435 454 632 668 574 502 555 286 347 267 456 539 968 1006 812 777 754 735 652 683 617 555 538 555 702 783 834 781 767
674 420 506 914 813 823 519 743 935 697 673 406 581 470 441 419 538 646 682 506 752 772 472 0 426 546 726 736 823 728 651 726 522 364 788 753 159 414 643 700 767 652 778 740 374 330 179 248 258 404 667 568 680 653 799 836 652 604 503 397 315 351 355 292 337 438 566 634 582 537 493
372 419 469 694 565 603 487 467 624 915 362 486 137 576 448 652 545 368 916 472 442 495 580 426 0 506 633 478 548 945 389 948 527 495 478 535 309 502 686 817 987 869 880 783 406 476 345 280 411 489 534 600 493 360 525 599 351 325 251 358 401 466 664 606 646 690 746 743 691 776 623
655 642 142 827 852 736 147 656 909 1038 647 775 606 883 558 685 672 557 1100 288 729 686 887 546 506 0 428 762 660 925 668 1226 901 458 761 818 641 855 847 983 1051 1130 887 837 554 407 548 546 482 846 814 878 773 639 636 673 496 441 340 234 332 419 659 601 634 701 708 703 652 735 583
749 816 380 934 945 842 313 750 1006 1145 744 942 704 1077 737 887 851 667 1280 524 852 809 1066 726 633 428 0 767 530 950 674 1259 905 552 767 823 710 902 876 1012 1081 1159 916 864 647 502 640 637 574 893 819 883 778 645 641 678 504 449 384 372 425 452 720 662 682 730 735 765 715 778 645
155 763 724 916 330 825 735 686 386 779 194 550 560 420 794 711 891 591 541 723 25 692 513 736 478 762 767 0 759 867 223 774 423 744 159 75 572 613 797 928 910 793 927 894 686 697 644 559 685 604 223 305 191 216 735 772 578 543 521 596 620 681 952 894 894 838 964 955 905 987 836
683 837 628 558 876 468 640 580 935 1284 673 905 633 991 841 967 954 482 1197 627 752 610 993 823 548 660 530 759 0 1115 670 1306 903 682 775 818 706 899 1041 1177 1250 1269 1082 1030 776 631 770 691 705 890 815 880 774 641 397 508 341 406 456 530 555 616 887 829 845 948 900 890 840 923 771
848 1012 863 1255 725 1164 885 1086 752 279 865 430 1016 379 1002 579 1117 996 458 887 823 1125 381 728 945 925 950 867 1115 0 957 355 814 964 1174 1088 742 606 346 514 189 265 173 245 1043 919 987 916 968 695 972 894 1025 1029 1147 1178 1008 956 886 782 748 754 671 613 576 503 363 444 493 501 571
336 673 632 826 423 735 646 568 548 750 68 469 471 362 703 626 803 502 600 635 185 573 392 651 389 668 674 223 670 957 0 760 246 645 193 214 531 437 622 752 801 683 834 714 584 595 541 457 585 423 220 193 184 359 636 674 482 444 422 493 518 582 809 751 745 690 866 855 805 889 735
703 1002 1128 1438 484 1347 1155 1174 573 85 796 526 1017 369 1050 674 1151 1123 221 1181 759 1201 379 726 948 1226 1259 774 1306 355 760 0 321 554 419 365 389 352 226 270 490 42 156 192 561 558 434 504 476 325 321 346 315 358 870 833 722 725 643 571 485 450 418 375 329 281 251 303 332 344 363
400 620 859 1054 484 963 873 795 596 602 288 337 696 214 721 493 819 732 466 863 383 804 248 522 527 901 905 423 903 814 246 321 0 324 238 184 150 79 164 165 288 298 241 199 299 368 204 242 246 52 90 55 134 224 609 571 460 464 446 443 372 338 281 238 217 197 272 323 335 289 289
662 293 423 834 859 743 439 663 915 926 653 607 579 689 206 502 322 561 913 421 732 689 698 364 495 458 552 744 682 964 645 554 324 0 477 511 197 317 357 368 493 521 433 391 62 81 134 112 92 311 435 400 479 412 527 505 412 415 268 195 159 150 172 219 253 300 391 380 351 293 248
155 780 725 917 410 826 737 675 467 805 136 648 561 593 812 813 909 592 641 724 125 681 613 788 478 761 767 159 775 1174 193 419 238 477 0 67 425 354 440 440 484 465 504 474 466 580 479 429 473 328 186 223 132 70 599 561 450 454 436 502 559 567 556 514 492 473 547 599 610 564 564
227 816 776 972 398 882 793 715 450 721 144 564 620 508 853 729 949 650 557 781 41 721 529 753 535 818 823 75 818 1088 214 365 184 511 67 0 369 299 384 384 456 437 461 418 500 587 423 462 466 272 130 167 76 104 633 595 484 488 470 536 591 558 501 458 437 417 491 543 554 508 508
498 387 604 865 694 775 619 639 753 639 491 238 398 323 408 400 506 539 637 603 567 664 329 159 309 641 710 572 706 742 531 389 150 197 425 369 0 131 231 231 350 361 307 265 197 248 65 140 108 125 250 214 293 359 507 469 359 362 345 336 279 253 204 182 166 213 305 325 296 238 238
583 592 815 1061 664 970 831 832 780 652 472 106 594 291 616 269 712 733 593 822 571 856 296 414 502 855 902 613 899 606 437 352 79 317 354 299 131 0 158 158 294 333 234 192 290 361 195 232 238 46 170 134 213 304 599 562 451 454 437 437 365 331 275 232 211 191 265 317 328 282 282
752 761 781 1169 835 1078 802 1005 892 517 645 104 767 464 793 272 890 912 576 804 751 1046 474 643 686 847 876 797 1041 346 622 226 164 357 440 384 231 158 0 43 139 185 79 37 357 365 262 300 305 111 249 213 292 382 667 630 519 522 468 396 302 268 210 167 102 54 110 161 190 169 188
888 897 923 1304 972 1213 939 1135 1035 720 786 241 906 603 932 408 1030 1052 745 940 889 1182 614 700 817 983 1012 928 1177 514 752 270 165 368 440 384 231 158 43 0 194 240 135 92 363 355 268 306 305 116 254 218 297 388 673 635 524 527 466 394 300 266 208 166 100 52 161 209 190 167 186
896 1044 989 1380 676 1291 1009 1213 765 197 893 503 1057 409 1131 706 1189 1122 429 1013 862 1252 418 767 987 1051 1081 910 1250 189 801 490 288 493 484 456 350 294 139 194 0 46 70 109 501 507 383 444 425 254 351 317 370 414 811 773 662 666 569 497 411 376 344 302 245 197 178 229 258 270 289
758 925 1062 1404 598 1315 1090 1177 636 149 777 425 936 291 972 594 1070 1097 265 1094 744 1221 301 652 869 1130 1159 793 1269 265 683 42 298 521 465 437 361 333 185 240 46 0 119 158 534 532 407 477 450 304 335 342 329 372 844 807 696 699 619 546 460 426 393 351 295 247 227 279 307 320 338
957 966 830 1217 773 1126 848 1047 794 439 835 311 959 425 963 482 1079 958 500 848 878 1087 435 778 880 887 916 927 1082 173 834 156 241 433 504 461 307 234 79 135 70 119 0 39 431 439 336 374 378 184 322 286 365 456 741 703 592 596 499 427 341 306 274 232 175 127 107 159 188 200 219
846 854 785 1172 795 1081 804 1002 818 420 801 198 924 540 890 369 989 911 520 801 848 1037 454 740 783 837 864 894 1030 245 714 192 199 391 474 418 265 192 37 92 109 158 39 0 391 399 296 334 339 145 283 247 326 416 701 664 553 556 468 395 309 274 242 200 136 88 76 127 156 169 187
606 148 517 929 799 837 534 727 858 960 596 536 485 621 136 597 170 656 964 516 674 785 632 374 406 554 647 686 776 1043 584 561 299 62 466 500 197 290 357 363 501 534 431 391 0 136 139 56 116 266 391 355 427 356 504 467 356 359 293 251 215 205 228 274 308 356 446 436 406 348 304
605 310 369 777 802 686 382 606 861 892 599 558 559 682 252 467 329 508 890 369 681 638 668 330 476 407 502 697 631 919 595 558 368 81 580 587 248 361 365 355 507 532 439 399 136 0 185 175 142 342 461 426 504 481 516 494 445 448 207 186 171 161 183 230 264 312 402 391 362 304 259
570 287 513 892 765 800 531 665 824 881 562 480 423 564 326 513 403 571 882 511 613 704 574 179 345 548 640 644 770 987 541 434 204 134 479 423 65 195 262 268 383 407 336 296 139 185 0 94 48 176 301 265 344 387 535 497 387 390 349 276 219 205 156 164 191 238 328 348 319 261 237
478 159 504 826 673 735 522 599 731 833 470 409 358 493 240 508 274 506 838 506 548 646 502 248 280 546 637 559 691 916 457 504 242 112 429 462 140 232 300 306 444 477 374 334 56 175 94 0 66 217 341 306 384 345 493 456 345 348 330 268 211 201 196 235 262 310 400 404 375 317 272
610 266 446 858 806 767 464 687 863 861 602 461 489 544 262 449 359 587 867 447 680 714 555 258 411 482 574 685 705 968 585 476 246 92 473 466 108 238 305 305 425 450 378 339 116 142 48 66 0 219 343 307 386 389 537 499 389 392 307 234 177 166 137 184 214 262 352 345 316 258 213
574 582 803 1051 654 960 821 822 713 657 462 199 584 281 606 357 702 723 583 812 561 848 286 404 489 846 893 604 890 695 423 325 52 311 328 272 125 46 111 116 254 304 184 145 266 342 176 217 219 0 163 127 206 296 556 519 408 411 394 391 319 285 228 186 164 179 258 309 295 236 236
202 805 774 961 289 870 779 701 436 620 168 477 609 312 844 640 942 645 464 779 187 714 347 667 534 814 819 223 815 972 220 321 90 435 186 130 250 170 249 254 351 335 322 283 391 461 301 341 343 163 0 37 49 139 615 577 467 470 453 519 461 428 371 328 307 287 361 413 425 378 378
286 741 836 1030 370 938 851 773 516 625 232 384 675 237 768 542 865 709 501 844 268 785 267 568 600 878 883 305 880 894 193 346 55 400 223 167 214 134 213 218 317 342 286 247 355 426 265 306 307 127 37 0 85 175 642 605 494 497 480 495 424 390 333 290 269 249 323 375 387 341 341
241 775 733 928 330 837 748 670 480 665 137 493 574 363 809 654 906 606 504 738 152 678 456 680 493 773 778 191 774 1025 184 315 134 479 132 76 293 213 292 297 370 329 365 326 427 504 344 384 386 206 49 85 0 94 603 565 454 457 440 506 521 487 430 387 366 346 421 472 484 438 438
0 645 608 800 291 708 620 570 350 744 285 651 444 554 677 811 773 473 557 605 129 575 539 653 360 639 645 216 641 1029 359 358 224 412 70 104 359 304 382 388 414 372 456 416 356 481 387 345 389 296 139 175 94 0 542 504 394 397 380 446 503 510 511 468 447 427 502 553 565 519 519
649 806 595 406 847 432 611 376 910 1260 647 880 608 968 817 1000 931 260 1181 604 729 449 968 799 525 636 641 735 397 1147 636 870 609 527 599 633 507 599 667 673 811 844 741 701 504 516 535 493 537 556 615 642 603 542 0 143 281 394 424 490 547 555 608 658 701 748 804 793 760 725 680
696 853 632 441 892 489 651 294 953 1296 690 929 651 1005 853 1037 966 166 1218 640 799 361 1006 836 599 673 678 772 508 1178 674 833 571 505 561 595 469 562 630 635 773 807 703 664 467 494 497 456 499 519 577 605 565 504 143 0 193 306 299 365 422 430 483 533 588 634 679 668 635 600 555
440 600 458 491 640 400 477 227 701 1121 438 684 399 784 656 855 761 129 1021 475 554 258 812 652 351 496 504 578 341 1008 482 722 460 412 450 484 359 451 519 524 662 696 592 553 356 445 387 345 389 408 467 494 454 394 281 193 0 198 224 291 347 355 408 458 506 552 604 593 560 525 480
453 610 400 558 649 466 416 355 708 1060 446 679 406 767 616 799 729 257 989 403 528 385 777 604 325 441 449 543 406 956 444 725 464 415 454 488 362 454 522 527 666 699 596 556 359 448 390 348 392 411 470 497 457 397 394 306 198 0 317 383 440 448 501 513 492 538 631 651 622 564 564
427 597 299 598 623 506 317 427 682 998 420 652 389 744 516 642 628 331 967 302 506 464 754 503 251 340 384 521 456 886 422 643 446 268 436 470 345 437 468 466 569 619 499 468 293 207 349 330 307 394 453 480 440 380 424 299 224 317 0 82 176 217 270 320 375 421 466 456 422 387 342
502 491 193 673 703 584 210 504 759 892 497 626 457 734 409 536 522 408 948 196 579 538 735 397 358 234 372 596 530 782 493 571 443 195 502 536 336 437 396 394 497 546 427 395 251 186 276 268 234 391 519 495 506 446 490 365 291 383 82 0 107 149 201 252 307 353 398 387 354 319 274
530 414 294 704 729 612 309 533 788 856 526 517 485 653 329 438 441 435 866 295 605 564 652 315 401 332 425 620 555 748 518 485 372 159 559 591 279 365 302 300 411 460 341 309 215 171 219 211 177 319 461 424 521 503 547 422 347 440 176 107 0 42 94 144 199 247 298 306 277 219 174
597 471 378 767 794 677 397 597 851 866 589 473 549 691 386 381 498 500 903 381 670 628 683 351 466 419 452 681 616 754 582 450 338 150 567 558 253 331 268 266 376 426 306 274 205 161 205 201 166 285 428 390 487 510 555 430 355 448 217 149 42 0 60 111 165 214 263 272 243 184 140
848 554 643 1026 968 935 662 856 1115 789 853 410 754 618 549 331 662 764 836 654 935 893 617 355 664 659 720 952 887 671 809 418 281 172 556 501 204 275 210 208 344 393 274 242 228 183 156 196 137 228 371 333 430 511 608 483 408 501 270 201 94 60 0 52 107 155 231 236 207 148 104
789 538 584 967 910 876 602 797 1057 730 794 362 695 556 489 271 603 704 773 595 879 841 555 292 606 601 662 894 829 613 751 375 238 219 514 458 182 232 167 166 302 351 232 200 274 230 164 235 184 186 328 290 387 468 658 533 458 513 320 252 144 111 52 0 65 113 189 209 180 122 103
814 583 600 986 906 897 613 816 1033 655 781 235 734 546 535 144 648 722 757 613 872 853 538 337 646 634 682 894 845 576 745 329 217 253 492 437 166 211 102 100 245 295 175 136 308 264 191 262 214 164 307 269 366 447 701 588 506 492 375 307 199 165 107 65 0 48 156 203 174 115 115
835 684 646 1026 916 935 662 855 1035 619 729 183 777 546 636 124 749 772 796 663 828 908 555 438 690 701 730 838 948 503 690 281 197 300 473 417 213 191 54 52 197 247 127 88 356 312 238 310 262 179 287 249 346 427 748 634 552 538 421 353 247 214 155 113 48 0 108 156 137 115 133
871 798 666 1048 961 957 682 879 1056 489 877 367 836 698 794 326 906 787 697 677 951 914 702 566 746 708 735 964 900 363 866 251 272 391 547 491 305 265 110 161 178 227 107 76 446 402 328 400 352 258 361 323 421 502 804 679 604 631 466 398 298 263 231 189 156 108 0 51 80 100 145
876 878 671 1043 1038 953 681 873 1126 567 865 444 824 775 825 403 936 772 765 662 947 905 783 634 743 703 765 955 890 444 855 303 323 380 599 543 325 317 161 209 229 279 159 127 436 391 348 404 345 309 413 375 472 553 793 668 593 651 456 387 306 272 236 209 203 156 51 0 35 87 131
827 829 622 994 1024 904 632 825 1077 616 815 459 775 824 776 416 885 722 814 612 894 855 834 582 691 652 715 905 840 493 805 332 335 351 610 554 296 328 190 190 258 307 188 156 406 362 319 375 316 295 425 387 484 565 760 635 560 622 422 354 277 243 207 180 174 137 80 35 0 66 103
906 795 698 1077 1102 986 712 906 1160 631 898 408 877 772 848 366 858 805 837 695 981 936 781 537 776 735 778 987 923 501 889 344 289 293 564 508 238 282 169 167 270 320 200 169 348 304 261 317 258 236 378 341 438 519 725 600 525 564 387 319 219 184 148 122 115 115 100 87 66 0 44
751 654 548 922 950 830 600 751 1007 702 746 489 755 752 708 437 718 654 919 544 827 785 767 493 623 583 645 836 771 571 735 363 289 248 564 508 238 282 188 186 289 338 219 187 304 259 237 272 213 236 378 341 438 519 680 555 480 564 342 274 174 140 104 103 115 133 145 131 103 44 0